[1. 1. 0. 1. 1. 1. 0. 1. 0. 0. 0. 1. 1. 0. 0. 0. 1. 1. 0. 0. 1. 0. 1. 1.
  1. 1. 1. 1. 0. 0.] - 000004.jpg
[1. 1. 0. 1. 0. 1. 1. 1. 1. 0. 1. 0. 1. 0. 0. 1. 0. 1. 0. 0. 1. 0. 0. 0.
  1. 1. 1. 1. 0. 1.] - 000009.jpg
[0. 0. 0. 1. 0. 0. 0. 0. 0. 0. 1. 0. 1. 1. 1. 1. 1. 1. 1. 0. 1. 0. 1. 1.
  0. 0. 0. 0. 0. 1.] - 000014.jpg
[0. 0. 0. 0. 1. 1. 0. 0. 1. 0. 1. 0. 0. 0. 0. 0. 0. 1. 1. 0. 1. 0. 0. 0.
  0. 0. 0. 0. 0. 1.] - 000016.jpg
[[0. 0. 1. 1. 1. 0. 0. 0. 1. 1. 0. 0. 1. 0. 1. 1. 1. 1. 1. 0. 1. 0. 1. 0.
  1. 0. 1. 1. 0. 0.]- 000025.jpg
[1. 1. 0. 0. 1. 0. 1. 1. 1. 1. 0. 1. 0. 1. 0. 1. 0. 1. 1. 1. 1. 0. 1. 1.
  0. 0. 1. 0. 1. 0.]- 000044.jpg
[1. 0. 0. 0. 1. 0. 0. 1. 1. 0. 0. 0. 1. 1. 0. 1. 1. 0. 1. 1. 1. 0. 0. 0.
  0. 1. 1. 1. 1. 1.]- 000052.jpg
[1. 1. 0. 0. 1. 0. 0. 1. 0. 0. 0. 0. 1. 1. 1. 1. 0. 1. 1. 1. 0. 1. 1. 0.
  0. 1. 1. 0. 0. 1.]- 000074.jpg
[0. 0. 0. 1. 1. 1. 0. 0. 1. 1. 1. 0. 0. 0. 1. 0. 1. 0. 0. 0. 0. 0. 1. 1.
  1. 1. 1. 0. 0. 0.]- 000152.jpg
[1. 0. 0. 0. 1. 1. 0. 1. 1. 0. 1. 0. 0. 0. 1. 0. 1. 1. 1. 1. 1. 0. 1. 0.
  0. 1. 0. 0. 0. 1.]- 000229.jpg
